[cosmological_parameters]
h0 = 7.71358152e-01
omega_m = 0.1 1.87518978e-01 0.3
omega_b = 0.03684521668
omega_k = 0.0
tau = 0.078
n_s = 1.06611261e+00
log1e10As = 3.90460746e+00
w = -1.0
wa = 0.0
massless_nu=0.046
massive_nu=3
omega_nu=0.00624525169

; These parameters can affect everything but are not required - 
; if they are not found in this file they take the sensible
; default values shown here
#omega_k = 0.0
#w = -1.0
#wa = 0.0

[cluster_abundance]
fcen = 1.0
# MOR
mor_A = 137252859112.81984
mor_B = 2645961929488.942
mor_alpha = 6.91589257e-01
mor_sigma = 1.29339555e-01
# LO_LC
lo_lc_alpha = 1.66
lo_lc_a = 0.26
lo_lc_b = 1.43
lo_lc_R_lambda = 1.0
# LC_LT
lc_lt_tau = 1.0
lc_lt_mu = 1.0
lc_lt_sigma = 1.0
lc_lt_fmsk = 1.0
lc_lt_fprj = 1.0
# ZO_ZT
zo_zt_sigma = 0.005
# ROFFSET
roffset_tau = 0.2
# HMF
hmf_s = 4.50732047e-02
hmf_q = 1.01958078e+00
# Integration ranges:
lnM_min = 29.0
lnM_max = 38.0
lt_min = 2.0
lt_max = 140.0
lc_min = 2.0
lc_max = 140.0
zo_min = 0.05 
;zo_min this one should not be necessary
zo_max = 0.35
;zo_max this one should not be necessary
zt_min = 0.05
zt_max = 0.35
R_min = 0.0
R_max = 3.0
A_min = -0.01
A_max = 0.01
theta_min = 0.0
theta_max = 6.28318530718

