[cosmological_parameters]
;h0 = 7.71358152e-01
h0 = 0.6336569
; omega_m = 0.1 1.87518978e-01 0.3
omega_m = 0.1 0.34056257882 0.3
omega_b = 0.05649329977
omega_k = 0.0
;tau = 0.078
tau = 0.08
;n_s = 1.06611261e+00
n_s = 0.975589
;log1e10As = 3.90460746e+00
log1e10As = 3.092918
w = -1.0
wa = 0.0
;massless_nu=0.046
massless_nu=0
;massive_nu=3
massive_nu=3.046
;omega_nu=0.00624525169
omega_nu=0.0

; These parameters can affect everything but are not required - 
; if they are not found in this file they take the sensible
; default values shown here
#omega_k = 0.0
#w = -1.0
#wa = 0.0

[cluster_abundance]
fcen = 1.0
# MOR
mor_A = 90124651837.9
mor_B = 2291711130000.0
mor_alpha = 6.98949129e-01
mor_sigma = 1.46305833e-01
# LO_LC
lo_lc_alpha = 1.66
lo_lc_a = 0.26
lo_lc_b = 1.43
lo_lc_R_lambda = 1.0
# LC_LT
lc_lt_tau = 1.0
lc_lt_mu = 1.0
lc_lt_sigma = 1.0
lc_lt_fmsk = 1.0
lc_lt_fprj = 1.0
# ZO_ZT
zo_zt_sigma = 0.005
# ROFFSET
roffset_tau = 0.2
# HMF
hmf_s = 0.00
hmf_q = 1.00
# Integration ranges:
lnM_min = 29.0
lnM_max = 38.0
lt_min = 15.0
lt_max = 100.0
lc_min = 2.0
lc_max = 40.0
zt_min = 0.05
zt_max = 0.75
R_min = 0.0
R_max = 3.0
A_min = -0.01
A_max = 0.01
theta_min = 0.0
theta_max = 6.28318530718

