  0.33968459E+04  0.13843580E+04  0.51922674E+03  0.48823273E+03 -0.96661625E+02 -0.52498207E+02 -0.18777124E+02 -0.16048353E+02 -0.49005033E+02 -0.25596270E+02 -0.87438592E+01 -0.67716797E+01  0.00000000E+00  0.00000000E+00  0.00000000E+00  0.00000000E+00  0.00000000E+00  0.00000000E+00  0.00000000E+00  0.00000000E+00  0.00000000E+00  0.00000000E+00  0.00000000E+00  0.00000000E+00
  0.13843580E+04  0.11620861E+04  0.28561399E+03  0.26858477E+03 -0.53179942E+02 -0.28882730E+02 -0.10330536E+02 -0.88292585E+01 -0.26960904E+02 -0.14082198E+02 -0.48105743E+01 -0.37255481E+01  0.00000000E+00  0.00000000E+00  0.00000000E+00  0.00000000E+00  0.00000000E+00  0.00000000E+00  0.00000000E+00  0.00000000E+00  0.00000000E+00  0.00000000E+00  0.00000000E+00  0.00000000E+00
  0.51922674E+03  0.28561399E+03  0.23256714E+03  0.10082655E+03 -0.19973633E+02 -0.10847945E+02 -0.38800029E+01 -0.33161445E+01 -0.10126134E+02 -0.52890743E+01 -0.18067836E+01 -0.13992631E+01  0.00000000E+00  0.00000000E+00  0.00000000E+00  0.00000000E+00  0.00000000E+00  0.00000000E+00  0.00000000E+00  0.00000000E+00  0.00000000E+00  0.00000000E+00  0.00000000E+00  0.00000000E+00
  0.48823273E+03  0.26858477E+03  0.10082655E+03  0.18689341E+03 -0.18848304E+02 -0.10236763E+02 -0.36614007E+01 -0.31293105E+01 -0.95556202E+01 -0.49910840E+01 -0.17049881E+01 -0.13204276E+01  0.00000000E+00  0.00000000E+00  0.00000000E+00  0.00000000E+00  0.00000000E+00  0.00000000E+00  0.00000000E+00  0.00000000E+00  0.00000000E+00  0.00000000E+00  0.00000000E+00  0.00000000E+00
 -0.96661625E+02 -0.53179942E+02 -0.19973633E+02 -0.18848304E+02  0.51408632E+04  0.19734441E+04  0.69857176E+03  0.59726639E+03 -0.18899539E+03 -0.98715924E+02 -0.33722028E+02 -0.26116017E+02  0.00000000E+00  0.00000000E+00  0.00000000E+00  0.00000000E+00  0.00000000E+00  0.00000000E+00  0.00000000E+00  0.00000000E+00  0.00000000E+00  0.00000000E+00  0.00000000E+00  0.00000000E+00
 -0.52498207E+02 -0.28882730E+02 -0.10847945E+02 -0.10236763E+02  0.19734441E+04  0.17284999E+04  0.37689580E+03  0.32226606E+03 -0.10264590E+03 -0.53613924E+02 -0.18314880E+02 -0.14183954E+02  0.00000000E+00  0.00000000E+00  0.00000000E+00  0.00000000E+00  0.00000000E+00  0.00000000E+00  0.00000000E+00  0.00000000E+00  0.00000000E+00  0.00000000E+00  0.00000000E+00  0.00000000E+00
 -0.18777124E+02 -0.10330536E+02 -0.38800029E+01 -0.36614007E+01  0.69857176E+03  0.37689580E+03  0.33195398E+03  0.11450884E+03 -0.36713534E+02 -0.19176184E+02 -0.65507144E+01 -0.50731992E+01  0.00000000E+00  0.00000000E+00  0.00000000E+00  0.00000000E+00  0.00000000E+00  0.00000000E+00  0.00000000E+00  0.00000000E+00  0.00000000E+00  0.00000000E+00  0.00000000E+00  0.00000000E+00
 -0.16048353E+02 -0.88292585E+01 -0.33161445E+01 -0.31293105E+01  0.59726639E+03  0.32226606E+03  0.11450884E+03  0.23057543E+03 -0.31378169E+02 -0.16389420E+02 -0.55987369E+01 -0.43359405E+01  0.00000000E+00  0.00000000E+00  0.00000000E+00  0.00000000E+00  0.00000000E+00  0.00000000E+00  0.00000000E+00  0.00000000E+00  0.00000000E+00  0.00000000E+00  0.00000000E+00  0.00000000E+00
 -0.49005033E+02 -0.26960904E+02 -0.10126134E+02 -0.95556202E+01 -0.18899539E+03 -0.10264590E+03 -0.36713534E+02 -0.31378169E+02  0.47888195E+04  0.16064996E+04  0.54639782E+03  0.41020092E+03  0.00000000E+00  0.00000000E+00  0.00000000E+00  0.00000000E+00  0.00000000E+00  0.00000000E+00  0.00000000E+00  0.00000000E+00  0.00000000E+00  0.00000000E+00  0.00000000E+00  0.00000000E+00
 -0.25596270E+02 -0.14082198E+02 -0.52890743E+01 -0.49910840E+01 -0.98715924E+02 -0.53613924E+02 -0.19176184E+02 -0.16389420E+02  0.16064996E+04  0.15625349E+04  0.28309628E+03  0.21315292E+03  0.00000000E+00  0.00000000E+00  0.00000000E+00  0.00000000E+00  0.00000000E+00  0.00000000E+00  0.00000000E+00  0.00000000E+00  0.00000000E+00  0.00000000E+00  0.00000000E+00  0.00000000E+00
 -0.87438592E+01 -0.48105743E+01 -0.18067836E+01 -0.17049881E+01 -0.33722028E+02 -0.18314880E+02 -0.65507144E+01 -0.55987369E+01  0.54639782E+03  0.28309628E+03  0.30430204E+03  0.72740650E+02  0.00000000E+00  0.00000000E+00  0.00000000E+00  0.00000000E+00  0.00000000E+00  0.00000000E+00  0.00000000E+00  0.00000000E+00  0.00000000E+00  0.00000000E+00  0.00000000E+00  0.00000000E+00
 -0.67716797E+01 -0.37255481E+01 -0.13992631E+01 -0.13204276E+01 -0.26116017E+02 -0.14183954E+02 -0.50731992E+01 -0.43359405E+01  0.41020092E+03  0.21315292E+03  0.72740650E+02  0.18191316E+03  0.00000000E+00  0.00000000E+00  0.00000000E+00  0.00000000E+00  0.00000000E+00  0.00000000E+00  0.00000000E+00  0.00000000E+00  0.00000000E+00  0.00000000E+00  0.00000000E+00  0.00000000E+00
  0.00000000E+00  0.00000000E+00  0.00000000E+00  0.00000000E+00  0.00000000E+00  0.00000000E+00  0.00000000E+00  0.00000000E+00  0.00000000E+00  0.00000000E+00  0.00000000E+00  0.00000000E+00  0.29925937E-02  0.34139018E-03  0.30549473E-03  0.34540960E-03  0.33338768E-03  0.34476410E-03  0.30827911E-03  0.36173719E-03  0.36260307E-03  0.35985179E-03  0.37519603E-03  0.54157624E-03
  0.00000000E+00  0.00000000E+00  0.00000000E+00  0.00000000E+00  0.00000000E+00  0.00000000E+00  0.00000000E+00  0.00000000E+00  0.00000000E+00  0.00000000E+00  0.00000000E+00  0.00000000E+00  0.34139018E-03  0.35139162E-02  0.31448336E-03  0.35557266E-03  0.34319701E-03  0.35490816E-03  0.31734967E-03  0.37238066E-03  0.37327201E-03  0.37043978E-03  0.38623549E-03  0.55751114E-03
  0.00000000E+00  0.00000000E+00  0.00000000E+00  0.00000000E+00  0.00000000E+00  0.00000000E+00  0.00000000E+00  0.00000000E+00  0.00000000E+00  0.00000000E+00  0.00000000E+00  0.00000000E+00  0.30549473E-03  0.31448336E-03  0.44053370E-02  0.31818598E-03  0.30711158E-03  0.31759136E-03  0.28398195E-03  0.33322671E-03  0.33402434E-03  0.33148991E-03  0.34562478E-03  0.49889165E-03
  0.00000000E+00  0.00000000E+00  0.00000000E+00  0.00000000E+00  0.00000000E+00  0.00000000E+00  0.00000000E+00  0.00000000E+00  0.00000000E+00  0.00000000E+00  0.00000000E+00  0.00000000E+00  0.34540960E-03  0.35557266E-03  0.31818598E-03  0.41387787E-02  0.34723771E-03  0.35908674E-03  0.32108604E-03  0.37676495E-03  0.37766679E-03  0.37480122E-03  0.39078291E-03  0.56407510E-03
  0.00000000E+00  0.00000000E+00  0.00000000E+00  0.00000000E+00  0.00000000E+00  0.00000000E+00  0.00000000E+00  0.00000000E+00  0.00000000E+00  0.00000000E+00  0.00000000E+00  0.00000000E+00  0.33338768E-03  0.34319701E-03  0.30711158E-03  0.34723771E-03  0.41780629E-02  0.34658879E-03  0.30991070E-03  0.36365171E-03  0.36452217E-03  0.36175633E-03  0.37718178E-03  0.54444256E-03
  0.00000000E+00  0.00000000E+00  0.00000000E+00  0.00000000E+00  0.00000000E+00  0.00000000E+00  0.00000000E+00  0.00000000E+00  0.00000000E+00  0.00000000E+00  0.00000000E+00  0.00000000E+00  0.34476410E-03  0.35490816E-03  0.31759136E-03  0.35908674E-03  0.34658879E-03  0.46959840E-02  0.32048600E-03  0.37606085E-03  0.37696101E-03  0.37410079E-03  0.39005261E-03  0.56302096E-03
  0.00000000E+00  0.00000000E+00  0.00000000E+00  0.00000000E+00  0.00000000E+00  0.00000000E+00  0.00000000E+00  0.00000000E+00  0.00000000E+00  0.00000000E+00  0.00000000E+00  0.00000000E+00  0.30827911E-03  0.31734967E-03  0.28398195E-03  0.32108604E-03  0.30991070E-03  0.32048600E-03  0.61847283E-02  0.33626385E-03  0.33706875E-03  0.33451122E-03  0.34877492E-03  0.50343872E-03
  0.00000000E+00  0.00000000E+00  0.00000000E+00  0.00000000E+00  0.00000000E+00  0.00000000E+00  0.00000000E+00  0.00000000E+00  0.00000000E+00  0.00000000E+00  0.00000000E+00  0.00000000E+00  0.36173719E-03  0.37238066E-03  0.33322671E-03  0.37676495E-03  0.36365171E-03  0.37606085E-03  0.33626385E-03  0.40750845E-02  0.39551919E-03  0.39251816E-03  0.40925530E-03  0.59073905E-03
  0.00000000E+00  0.00000000E+00  0.00000000E+00  0.00000000E+00  0.00000000E+00  0.00000000E+00  0.00000000E+00  0.00000000E+00  0.00000000E+00  0.00000000E+00  0.00000000E+00  0.00000000E+00  0.36260307E-03  0.37327201E-03  0.33402434E-03  0.37766679E-03  0.36452217E-03  0.37696101E-03  0.33706875E-03  0.39551919E-03  0.74605384E-02  0.39345771E-03  0.41023492E-03  0.59215308E-03
  0.00000000E+00  0.00000000E+00  0.00000000E+00  0.00000000E+00  0.00000000E+00  0.00000000E+00  0.00000000E+00  0.00000000E+00  0.00000000E+00  0.00000000E+00  0.00000000E+00  0.00000000E+00  0.35985179E-03  0.37043978E-03  0.33148991E-03  0.37480122E-03  0.36175633E-03  0.37410079E-03  0.33451122E-03  0.39251816E-03  0.39345771E-03  0.90798479E-02  0.40712223E-03  0.58766008E-03
  0.00000000E+00  0.00000000E+00  0.00000000E+00  0.00000000E+00  0.00000000E+00  0.00000000E+00  0.00000000E+00  0.00000000E+00  0.00000000E+00  0.00000000E+00  0.00000000E+00  0.00000000E+00  0.37519603E-03  0.38623549E-03  0.34562478E-03  0.39078291E-03  0.37718178E-03  0.39005261E-03  0.34877492E-03  0.40925530E-03  0.41023492E-03  0.40712223E-03  0.76799696E-02  0.61271816E-03
  0.00000000E+00  0.00000000E+00  0.00000000E+00  0.00000000E+00  0.00000000E+00  0.00000000E+00  0.00000000E+00  0.00000000E+00  0.00000000E+00  0.00000000E+00  0.00000000E+00  0.00000000E+00  0.54157624E-03  0.55751114E-03  0.49889165E-03  0.56407510E-03  0.54444256E-03  0.56302096E-03  0.50343872E-03  0.59073905E-03  0.59215308E-03  0.58766008E-03  0.61271816E-03  0.84285386E-02
