[cosmological_parameters]
omega_m = 1.87518978e-01
h0 = 7.71358152e-01
ombh2 = 2.19226607e-02
lna_s = 3.90460746e+00
tau = 0.078
n_s = 1.06611261e+00
log1e10As = 3.90460746e+00
omega_k = 0.0
w = -1.0
wa = 0.0
nnu=3.046
;omnuh2=3.71588353e-3
; not used in cosmosis v2?
; m_tot = 93eV * \omega_\nuh^2   particle data book
; implies 3.7e-3 -> mnu=0.34410
mnu=.34558
