7.066790830647591793e+04 4.596219824812400816e+02 4.091769142058299167e+02 2.655496561745663939e+02 1.946399654488861586e+02 1.302370132818942920e+02 8.892749948667834303e+01 3.512905277995069753e+01 1.869153333798669792e+01 1.170248481515755756e+01 4.345580948382225195e+00 -1.694657582698696485e-01 1.046681611853315652e-01 5.860678207888394553e-01 2.781557681786469421e-02
4.596219824812400816e+02 2.372501511305369058e+04 3.660885190313402973e+02 3.299483033779775951e+02 2.147206584947231818e+02 1.239245041131731710e+02 8.684645098411891695e+01 4.350709133002866480e+01 1.716019143648167500e+01 7.511559201995789969e+00 4.796765121385512032e+00 2.040193173080931288e+00 7.780431293525231773e-01 1.532942384071093733e-01 -6.756991289705770176e-03
4.091769142058299167e+02 3.660885190313402973e+02 4.577790466267864758e+03 2.687235632852089111e+02 2.018064261468157952e+02 1.229540645607561373e+02 7.156114628088091933e+01 3.878151956729456629e+01 1.791993298674026747e+01 8.457940372201592893e+00 3.241684885692242446e+00 1.605426167793169379e+00 8.608985423386528169e-01 3.770831107323749931e-01 8.260665403799782869e-02
2.655496561745663939e+02 3.299483033779775951e+02 2.687235632852089111e+02 1.737156997005987705e+03 1.762736728810797899e+02 1.128236833724977970e+02 6.174698179141154242e+01 3.260443159563792648e+01 1.602112775326194694e+01 7.662166471754712660e+00 2.914043569426831404e+00 1.036292058894310308e+00 3.955836599870125592e-01 2.355694013089615624e-01 7.170118095359880039e-02
1.946399654488861586e+02 2.147206584947231818e+02 2.018064261468157952e+02 1.762736728810797899e+02 8.115153166727311600e+02 9.351146898838430843e+01 5.201106918543177926e+01 2.797845420860313581e+01 1.370360564713178420e+01 5.692943607143771345e+00 2.116399658361495018e+00 8.493375881019192830e-01 4.218141430071533637e-01 1.156565726035945901e-01 6.315506759045673435e-02
1.302370132818942920e+02 1.239245041131731710e+02 1.229540645607561373e+02 1.128236833724977970e+02 9.351146898838430843e+01 3.382365709884376770e+02 3.937052095253982031e+01 2.189279016023034075e+01 1.044583945192452390e+01 4.363738252145386909e+00 1.906351741937729827e+00 7.302046420278638372e-01 4.429957138341565903e-01 1.314163047301190046e-01 9.233899776695787820e-02
8.892749948667834303e+01 8.684645098411891695e+01 7.156114628088091933e+01 6.174698179141154242e+01 5.201106918543177926e+01 3.937052095253982031e+01 1.350465101857359116e+02 1.403154910270822597e+01 6.836867540261530429e+00 3.018332976515906818e+00 1.375366423451032105e+00 4.672108361815425215e-01 2.304207070784264622e-01 1.226956210454476920e-01 3.621597013870474918e-02
3.512905277995069753e+01 4.350709133002866480e+01 3.878151956729456629e+01 3.260443159563792648e+01 2.797845420860313581e+01 2.189279016023034075e+01 1.403154910270822597e+01 5.954310058739217482e+01 4.381326739870524456e+00 2.018034503486769715e+00 8.132832479562918104e-01 3.639174438893928443e-01 1.484146509982406659e-01 9.287850907215416951e-02 2.990753039301968438e-02
1.869153333798669792e+01 1.716019143648167500e+01 1.791993298674026747e+01 1.602112775326194694e+01 1.370360564713178420e+01 1.044583945192452390e+01 6.836867540261530429e+00 4.381326739870524456e+00 2.419139357751906161e+01 1.249488827234533250e+00 5.514440927623078803e-01 1.886157731366853441e-01 1.074374037744170451e-01 4.305172157727646387e-02 1.884942047104005286e-02
1.170248481515755756e+01 7.511559201995789969e+00 8.457940372201592893e+00 7.662166471754712660e+00 5.692943607143771345e+00 4.363738252145386909e+00 3.018332976515906818e+00 2.018034503486769715e+00 1.249488827234533250e+00 9.988666794040629071e+00 4.168207995569004898e-01 1.364201606466350081e-01 7.621914333765154870e-02 3.193478240404965668e-02 8.071251558190361761e-03
4.345580948382225195e+00 4.796765121385512032e+00 3.241684885692242446e+00 2.914043569426831404e+00 2.116399658361495018e+00 1.906351741937729827e+00 1.375366423451032105e+00 8.132832479562918104e-01 5.514440927623078803e-01 4.168207995569004898e-01 4.068265995007083191e+00 1.713619171147659492e-01 5.006996165408365840e-02 1.605078271819745245e-02 7.402709228670882949e-03
-1.694657582698696485e-01 2.040193173080931288e+00 1.605426167793169379e+00 1.036292058894310308e+00 8.493375881019192830e-01 7.302046420278638372e-01 4.672108361815425215e-01 3.639174438893928443e-01 1.886157731366853441e-01 1.364201606466350081e-01 1.713619171147659492e-01 1.746818135016246831e+00 8.452136655718345271e-02 2.033704130213776287e-02 1.016885193445551602e-02
1.046681611853315652e-01 7.780431293525231773e-01 8.608985423386528169e-01 3.955836599870125592e-01 4.218141430071533637e-01 4.429957138341565903e-01 2.304207070784264622e-01 1.484146509982406659e-01 1.074374037744170451e-01 7.621914333765154870e-02 5.006996165408365840e-02 8.452136655718345271e-02 7.670482608634214827e-01 5.363367933239339413e-02 1.658086915288628505e-02
5.860678207888394553e-01 1.532942384071093733e-01 3.770831107323749931e-01 2.355694013089615624e-01 1.156565726035945901e-01 1.314163047301190046e-01 1.226956210454476920e-01 9.287850907215416951e-02 4.305172157727646387e-02 3.193478240404965668e-02 1.605078271819745245e-02 2.033704130213776287e-02 5.363367933239339413e-02 3.646706916633956630e-01 3.728510004803507749e-02
2.781557681786469421e-02 -6.756991289705770176e-03 8.260665403799782869e-02 7.170118095359880039e-02 6.315506759045673435e-02 9.233899776695787820e-02 3.621597013870474918e-02 2.990753039301968438e-02 1.884942047104005286e-02 8.071251558190361761e-03 7.402709228670882949e-03 1.016885193445551602e-02 1.658086915288628505e-02 3.728510004803507749e-02 1.861111988391975780e-01
