5.229695410550179658e+05 -8.665431240766375822e+02 6.424294053055959921e+02 4.649857709613012275e+02 2.886660510158902184e+02 1.866392340899994338e+02 1.454897241697730124e+02 3.025621722386182455e+01 2.346422454514584288e+01 1.330863917744815339e+01 7.315026735497829335e+00 -4.438778065124409089e+00 2.522186603656025650e+00 -9.617168907316813176e-01 1.343674310666347571e+00
-8.665431240766375822e+02 1.946476729222210415e+05 7.164854087759373442e+02 5.338413179183640977e+02 3.843629937613675338e+02 2.195683160105285765e+02 1.860374371873813288e+02 9.875827523644078099e+01 4.195384771233327115e+01 2.019659335921247489e+01 1.024330162516117326e+01 1.385902236933046483e+00 2.492055917972113566e+00 -3.171500080083838324e-01 5.370678281274279264e-01
6.424294053055959921e+02 7.164854087759373442e+02 3.366898436391444557e+04 4.006973754090817010e+02 3.600888980057150661e+02 2.155683720453988030e+02 1.248132618047257694e+02 6.834419781508618996e+01 3.766974158325405853e+01 1.621811638976001291e+01 7.176069131477233576e+00 3.205083563602880159e-01 1.153198193758225021e-01 -3.042784188328625898e-03 2.403801349187644765e-01
4.649857709613012275e+02 5.338413179183640977e+02 4.006973754090817010e+02 4.569637811639664505e+03 2.967207582208404233e+02 2.019918338370400477e+02 1.316411640322278629e+02 7.334155513257165637e+01 3.715516988477629923e+01 1.495193966571673627e+01 6.547060191458163203e+00 2.999085003472210964e+00 1.387022807956638237e+00 5.818242726657845143e-01 1.109147715775872234e-01
2.886660510158902184e+02 3.843629937613675338e+02 3.600888980057150661e+02 2.967207582208404233e+02 1.819067411360219921e+03 1.688623713189388695e+02 1.074799525989878930e+02 5.939942222552453188e+01 3.156048177093291685e+01 1.503648914753681787e+01 6.407784626782872195e+00 2.425148370720793700e+00 9.666522059708047010e-01 3.774560639389896166e-01 5.867288743363870129e-02
1.866392340899994338e+02 2.195683160105285765e+02 2.155683720453988030e+02 2.019918338370400477e+02 1.688623713189388695e+02 7.057656013243756661e+02 8.165506953095201936e+01 4.753588312791234927e+01 2.317424101285448401e+01 1.101137933042660322e+01 4.914143322339964648e+00 1.992908427248422321e+00 8.801624623336804509e-01 2.804248087557966174e-01 1.360719646236638602e-01
1.454897241697730124e+02 1.860374371873813288e+02 1.248132618047257694e+02 1.316411640322278629e+02 1.074799525989878930e+02 8.165506953095201936e+01 3.616881780348396660e+02 3.220387859800678143e+01 1.752634654149085947e+01 7.457108241819935479e+00 3.640871689740622585e+00 1.527340867150321024e+00 4.911611505143437251e-01 1.911223131207596682e-01 1.072835705787011651e-01
3.025621722386182455e+01 9.875827523644078099e+01 6.834419781508618996e+01 7.334155513257165637e+01 5.939942222552453188e+01 4.753588312791234927e+01 3.220387859800678143e+01 1.346732307430897606e+02 1.145341762257722884e+01 4.943342309907714949e+00 2.253021143184876340e+00 1.030512528183094689e+00 4.155207201549964147e-01 2.013426135476427681e-01 8.542969223897661779e-02
2.346422454514584288e+01 4.195384771233327115e+01 3.766974158325405853e+01 3.715516988477629923e+01 3.156048177093291685e+01 2.317424101285448401e+01 1.752634654149085947e+01 1.145341762257722884e+01 5.534275921292838518e+01 3.136789234564979267e+00 1.472848926319573426e+00 5.809901310795346774e-01 2.221733428869878124e-01 1.255442979448595231e-01 4.713552166799309801e-02
1.330863917744815339e+01 2.019659335921247489e+01 1.621811638976001291e+01 1.495193966571673627e+01 1.503648914753681787e+01 1.101137933042660322e+01 7.457108241819935479e+00 4.943342309907714949e+00 3.136789234564979267e+00 2.237290684573512678e+01 8.394992353960507581e-01 3.747759171456685467e-01 1.241874286122563037e-01 7.580635224680810913e-02 3.086884050905824850e-02
7.315026735497829335e+00 1.024330162516117326e+01 7.176069131477233576e+00 6.547060191458163203e+00 6.407784626782872195e+00 4.914143322339964648e+00 3.640871689740622585e+00 2.253021143184876340e+00 1.472848926319573426e+00 8.394992353960507581e-01 8.784538174868648852e+00 3.076457330472801011e-01 1.010938322046532889e-01 4.507805885768677301e-02 1.611524562323328122e-02
-4.438778065124409089e+00 1.385902236933046483e+00 3.205083563602880159e-01 2.999085003472210964e+00 2.425148370720793700e+00 1.992908427248422321e+00 1.527340867150321024e+00 1.030512528183094689e+00 5.809901310795346774e-01 3.747759171456685467e-01 3.076457330472801011e-01 3.582909898078640687e+00 1.247273710204374192e-01 4.418292255401787272e-02 1.931065421556251230e-02
2.522186603656025650e+00 2.492055917972113566e+00 1.153198193758225021e-01 1.387022807956638237e+00 9.666522059708047010e-01 8.801624623336804509e-01 4.911611505143437251e-01 4.155207201549964147e-01 2.221733428869878124e-01 1.241874286122563037e-01 1.010938322046532889e-01 1.247273710204374192e-01 1.497770934469798920e+00 7.379328388595265964e-02 1.991847541969143931e-02
-9.617168907316813176e-01 -3.171500080083838324e-01 -3.042784188328625898e-03 5.818242726657845143e-01 3.774560639389896166e-01 2.804248087557966174e-01 1.911223131207596682e-01 2.013426135476427681e-01 1.255442979448595231e-01 7.580635224680810913e-02 4.507805885768677301e-02 4.418292255401787272e-02 7.379328388595265964e-02 6.720259752344670545e-01 4.817741676674994894e-02
1.343674310666347571e+00 5.370678281274279264e-01 2.403801349187644765e-01 1.109147715775872234e-01 5.867288743363870129e-02 1.360719646236638602e-01 1.072835705787011651e-01 8.542969223897661779e-02 4.713552166799309801e-02 3.086884050905824850e-02 1.611524562323328122e-02 1.931065421556251230e-02 1.991847541969143931e-02 4.817741676674994894e-02 3.247752035789434610e-01
