4.380530015606943518e+06 1.564170587507215032e+03 3.008238282973053629e+03 5.769772445337655427e+02 4.875492282140904194e+02 2.839954906909571832e+02 2.181097861346531488e+02 5.785062007983479759e+01 5.443370443576716156e+01 5.137570695008677291e+01 -1.601212155006335180e+01 1.391725065483595714e+01 9.851057249497394253e+00 3.748580316014937797e+00 2.433506218534831067e+00
1.564170587507215032e+03 1.653229674199756846e+04 6.781429816792096972e+02 6.734361172059014962e+02 4.818284472948286066e+02 2.995349469321633364e+02 1.768086841682347199e+02 1.000194646253204382e+02 5.129511810240603609e+01 2.275494882331111768e+01 8.940147646284737348e+00 3.837055042270039351e+00 1.556810698739337084e+00 6.653420877968948544e-01 2.853160623090191250e-01
3.008238282973053629e+03 6.781429816792096972e+02 8.130447685145015384e+03 5.741737376862955671e+02 4.397615108952903711e+02 2.915455078416281367e+02 1.711577020899522950e+02 9.450686229599678256e+01 4.968907660574866725e+01 2.083700653064910213e+01 9.752245441383731617e+00 3.742687467187019834e+00 9.017098733424500079e-01 5.654478637451336720e-01 2.655592035665199080e-01
5.769772445337655427e+02 6.734361172059014962e+02 5.741737376862955671e+02 3.568787363435185853e+03 3.915189128258967344e+02 2.601831764760211740e+02 1.536314241620149517e+02 8.594255167682219110e+01 4.422648643878850550e+01 1.964432142331713749e+01 8.740954303270779491e+00 3.071994640039097835e+00 1.238008647186630506e+00 6.526053509666065455e-01 1.458455478586175025e-01
4.875492282140904194e+02 4.818284472948286066e+02 4.397615108952903711e+02 3.915189128258967344e+02 1.289217668804691812e+03 2.155872710889071300e+02 1.311743370783831608e+02 7.286319534490317551e+01 3.762094465978041313e+01 1.630480515416872223e+01 7.307295795962303941e+00 2.857804513798563484e+00 1.214847712219035980e+00 5.138479740851065181e-01 2.167236438513513441e-01
2.839954906909571832e+02 2.995349469321633364e+02 2.915455078416281367e+02 2.601831764760211740e+02 2.155872710889071300e+02 5.499171813948230465e+02 1.005173501276735948e+02 5.689612518452118906e+01 2.935301893741239709e+01 1.392005062571186613e+01 5.728488248895224011e+00 2.459441238780847527e+00 1.080802299026439650e+00 4.068548934529682692e-01 2.183713641000503414e-01
2.181097861346531488e+02 1.768086841682347199e+02 1.711577020899522950e+02 1.536314241620149517e+02 1.311743370783831608e+02 1.005173501276735948e+02 2.373995187230491695e+02 4.001787183665589964e+01 2.097959139862059530e+01 9.788348528471866317e+00 4.201485343465823696e+00 1.747418841964504477e+00 7.559398061207058817e-01 3.069340947432708244e-01 1.606981822211644151e-01
5.785062007983479759e+01 1.000194646253204382e+02 9.450686229599678256e+01 8.594255167682219110e+01 7.286319534490317551e+01 5.689612518452118906e+01 4.001787183665589964e+01 9.965529611547465549e+01 1.329949956186229088e+01 6.427001654838325528e+00 2.757957651737816818e+00 1.241423641009995693e+00 5.115126316995326494e-01 2.092630112793282260e-01 1.086720078761740510e-01
5.443370443576716156e+01 5.129511810240603609e+01 4.968907660574866725e+01 4.422648643878850550e+01 3.762094465978041313e+01 2.935301893741239709e+01 2.097959139862059530e+01 1.329949956186229088e+01 3.937984374695901124e+01 4.074501687040473108e+00 1.717486949526583873e+00 7.652843255403239953e-01 3.061340005066811032e-01 1.352607958841746949e-01 6.515418988850979476e-02
5.137570695008677291e+01 2.275494882331111768e+01 2.083700653064910213e+01 1.964432142331713749e+01 1.630480515416872223e+01 1.392005062571186613e+01 9.788348528471866317e+00 6.427001654838325528e+00 4.074501687040473108e+00 1.541955526051585856e+01 1.163807624105769101e+00 4.780299750574896200e-01 2.186095635951474381e-01 9.569051640997036645e-02 3.847143080197346077e-02
-1.601212155006335180e+01 8.940147646284737348e+00 9.752245441383731617e+00 8.740954303270779491e+00 7.307295795962303941e+00 5.728488248895224011e+00 4.201485343465823696e+00 2.757957651737816818e+00 1.717486949526583873e+00 1.163807624105769101e+00 6.159242973383628694e+00 3.730676717075623872e-01 1.391460960752882170e-01 5.061774168858941547e-02 3.167377325677875333e-02
1.391725065483595714e+01 3.837055042270039351e+00 3.742687467187019834e+00 3.071994640039097835e+00 2.857804513798563484e+00 2.459441238780847527e+00 1.747418841964504477e+00 1.241423641009995693e+00 7.652843255403239953e-01 4.780299750574896200e-01 3.730676717075623872e-01 2.602565503418779791e+00 1.486976673672042171e-01 4.980419693272762627e-02 1.897628394728699541e-02
9.851057249497394253e+00 1.556810698739337084e+00 9.017098733424500079e-01 1.238008647186630506e+00 1.214847712219035980e+00 1.080802299026439650e+00 7.559398061207058817e-01 5.115126316995326494e-01 3.061340005066811032e-01 2.186095635951474381e-01 1.391460960752882170e-01 1.486976673672042171e-01 1.148299967603348293e+00 8.209373908770881134e-02 2.401375224129997932e-02
3.748580316014937797e+00 6.653420877968948544e-01 5.654478637451336720e-01 6.526053509666065455e-01 5.138479740851065181e-01 4.068548934529682692e-01 3.069340947432708244e-01 2.092630112793282260e-01 1.352607958841746949e-01 9.569051640997036645e-02 5.061774168858941547e-02 4.980419693272762627e-02 8.209373908770881134e-02 5.333490659158315328e-01 5.109402853824945856e-02
2.433506218534831067e+00 2.853160623090191250e-01 2.655592035665199080e-01 1.458455478586175025e-01 2.167236438513513441e-01 2.183713641000503414e-01 1.606981822211644151e-01 1.086720078761740510e-01 6.515418988850979476e-02 3.847143080197346077e-02 3.167377325677875333e-02 1.897628394728699541e-02 2.401375224129997932e-02 5.109402853824945856e-02 2.663150395387462455e-01
