3.424500646984050491e+03 1.704739748417802758e+01 9.188705557721885242e+00 8.522991093514217908e+00 5.525689180793042610e+00 4.389469499471220004e+00 2.026777972631318203e+00 1.096536204075833298e+00 1.889510412153154462e-01 3.046156298187967931e-02 -5.553750973383032863e-02 -9.605549725106788533e-03 3.163386815502113036e-02 3.949086204249099147e-02 2.180102722927881528e-02
1.704739748417802758e+01 1.018908298929729995e+03 1.659164889445368374e+01 1.082952472369413499e+01 6.854642011277281455e+00 3.146047977334936796e+00 1.508432547999613682e+00 8.438011719907135832e-01 3.749198441231343382e-01 1.345705586210471094e-01 3.092043222136064973e-02 2.237473217808364639e-02 3.193259378381604896e-02 -1.404497518915435485e-02 4.738763631957754359e-03
9.188705557721885242e+00 1.659164889445368374e+01 3.766890959038350957e+02 9.398004728649620887e+00 6.204232001602646207e+00 2.882750438736436660e+00 1.651776637350327315e+00 8.361602197694004701e-01 3.919147436066119372e-01 9.234735860254650319e-02 7.816321826294135577e-02 5.128310404321916732e-02 1.345160538073777480e-02 1.044788747077124392e-03 -9.064929875465057435e-03
8.522991093514217908e+00 1.082952472369413499e+01 9.398004728649620887e+00 1.546029275798673552e+02 4.817875034932022515e+00 2.735294168880106458e+00 1.409042631384268551e+00 6.491812816223729854e-01 3.072613449726303569e-01 4.643829598678842624e-02 6.412477811876242384e-02 3.069334236791300408e-02 1.938360662495345124e-02 5.197605725847025820e-03 4.160640067225135352e-03
5.525689180793042610e+00 6.854642011277281455e+00 6.204232001602646207e+00 4.817875034932022515e+00 7.013225539866155600e+01 1.958357313729256477e+00 9.839233450939149916e-01 4.947546514995895262e-01 1.724363279732324117e-01 8.028340956757323843e-02 9.638337689307358014e-03 2.263733160375790837e-02 1.359714691855740988e-02 4.113201667619094913e-03 3.395421428315611306e-03
4.389469499471220004e+00 3.146047977334936796e+00 2.882750438736436660e+00 2.735294168880106458e+00 1.958357313729256477e+00 2.865981380106620691e+01 6.317260974798731832e-01 3.074872773302439466e-01 1.962519408147265776e-01 3.478104413152473262e-02 1.836371661088463669e-02 1.131678802391397447e-02 2.809583221125422489e-04 3.893872188028105717e-03 3.298648678274734283e-04
2.026777972631318203e+00 1.508432547999613682e+00 1.651776637350327315e+00 1.409042631384268551e+00 9.839233450939149916e-01 6.317260974798731832e-01 1.210976459469908662e+01 2.555304116410112014e-01 9.575503897307476031e-02 4.442774351620826234e-02 2.214870662950593760e-02 6.277933946819400091e-03 1.539680739549142063e-03 2.402398698344021099e-03 -5.668313049924308955e-04
1.096536204075833298e+00 8.438011719907135832e-01 8.361602197694004701e-01 6.491812816223729854e-01 4.947546514995895262e-01 3.074872773302439466e-01 2.555304116410112014e-01 5.028604245544108231e+00 9.929501133874056584e-02 2.084947487956653744e-02 1.219070794914826374e-02 3.770124836189362241e-03 3.370299045031833075e-03 1.102031533546493289e-03 -2.092282408850322951e-04
1.889510412153154462e-01 3.749198441231343382e-01 3.919147436066119372e-01 3.072613449726303569e-01 1.724363279732324117e-01 1.962519408147265776e-01 9.575503897307476031e-02 9.929501133874056584e-02 2.077819522272535302e+00 3.538606788514910007e-02 1.517187868153176827e-02 3.853615445543295305e-03 9.907751243703501187e-04 6.150734319687525950e-04 9.571616857793698073e-04
3.046156298187967931e-02 1.345705586210471094e-01 9.234735860254650319e-02 4.643829598678842624e-02 8.028340956757323843e-02 3.478104413152473262e-02 4.442774351620826234e-02 2.084947487956653744e-02 3.538606788514910007e-02 8.635566021156286798e-01 1.986065261456082531e-02 5.885543857966203316e-03 3.224425061298844854e-03 4.292010695542998596e-04 4.488868583467177701e-04
-5.553750973383032863e-02 3.092043222136064973e-02 7.816321826294135577e-02 6.412477811876242384e-02 9.638337689307358014e-03 1.836371661088463669e-02 2.214870662950593760e-02 1.219070794914826374e-02 1.517187868153176827e-02 1.986065261456082531e-02 3.646541324843498577e-01 8.893916729980366059e-03 2.382670008338936673e-03 6.642364697920220308e-04 3.321472365409490761e-04
-9.605549725106788533e-03 2.237473217808364639e-02 5.128310404321916732e-02 3.069334236791300408e-02 2.263733160375790837e-02 1.131678802391397447e-02 6.277933946819400091e-03 3.770124836189362241e-03 3.853615445543295305e-03 5.885543857966203316e-03 8.893916729980366059e-03 1.561352906831182941e-01 7.021152977181893684e-03 2.426498701633672626e-03 6.979145756039459086e-04
3.163386815502113036e-02 3.193259378381604896e-02 1.345160538073777480e-02 1.938360662495345124e-02 1.359714691855740988e-02 2.809583221125422489e-04 1.539680739549142063e-03 3.370299045031833075e-03 9.907751243703501187e-04 3.224425061298844854e-03 2.382670008338936673e-03 7.021152977181893684e-03 7.019358033153427767e-02 5.980230703722035079e-03 1.954922189541492307e-03
3.949086204249099147e-02 -1.404497518915435485e-02 1.044788747077124392e-03 5.197605725847025820e-03 4.113201667619094913e-03 3.893872188028105717e-03 2.402398698344021099e-03 1.102031533546493289e-03 6.150734319687525950e-04 4.292010695542998596e-04 6.642364697920220308e-04 2.426498701633672626e-03 5.980230703722035079e-03 3.505349350532954711e-02 4.947020019728564158e-03
2.180102722927881528e-02 4.738763631957754359e-03 -9.064929875465057435e-03 4.160640067225135352e-03 3.395421428315611306e-03 3.298648678274734283e-04 -5.668313049924308955e-04 -2.092282408850322951e-04 9.571616857793698073e-04 4.488868583467177701e-04 3.321472365409490761e-04 6.979145756039459086e-04 1.954922189541492307e-03 4.947020019728564158e-03 1.928444472040495572e-02
