1.934876282306067151e+04 1.112310614345920925e+02 1.042350594059406887e+02 7.910101096916656616e+01 4.726342408373895410e+01 7.224310886798625653e+00 2.281647852331340331e+01 1.197433050597786952e+01 4.010230810510441835e+00 1.634452659536276942e+00 2.880341822773934801e+00 -5.987807779389294760e-01 4.239616605780242159e-02 -5.373773833891882720e-03 7.774508822524021923e-02
1.112310614345920925e+02 1.961997083692756132e+04 8.298808726472672959e+01 4.994806262034199307e+00 5.914227246592102460e+01 2.665124422301573048e+01 1.193320411626750754e+01 8.542142008542498388e+00 8.702767969068764486e+00 2.759217007633997465e+00 -6.574493671808556705e-02 -3.604554151700436332e-02 -7.856475598323267584e-02 -4.309764937270466056e-02 -4.855127839111812726e-02
1.042350594059406887e+02 8.298808726472672959e+01 4.972824525427889057e+03 5.458882366699788946e+01 4.648105402097176864e+01 1.683206517136083136e+01 1.397034746556537854e+01 7.910473741924361590e+00 3.176886177046268855e+00 1.526710956049447954e-01 2.074964529659371337e-01 5.077605383064678346e-01 8.139980746292702074e-02 1.101815296905285096e-01 -2.755019480580853108e-02
7.910101096916656616e+01 4.994806262034199307e+00 5.458882366699788946e+01 2.828060153179812005e+03 4.314849134395918639e+01 2.601089642785537848e+01 1.179907478554208744e+01 6.459825036116263242e+00 5.748248312878299515e+00 1.662019975092644986e+00 7.796127251998772323e-01 -3.305612094762629960e-01 1.353641067299445055e-01 -9.740523728100032586e-02 -5.353999349118151313e-02
4.726342408373895410e+01 5.914227246592102460e+01 4.648105402097176864e+01 4.314849134395918639e+01 7.912690015918868767e+02 1.660204511396237237e+01 1.136802215586152442e+01 5.705249007977833742e+00 1.997323093407085581e+00 1.089896271582355469e+00 5.039622568755468546e-01 2.829023326228927715e-01 6.918846289988529741e-02 9.893720709743553804e-04 -2.096881015406879684e-02
7.224310886798625653e+00 2.665124422301573048e+01 1.683206517136083136e+01 2.601089642785537848e+01 1.660204511396237237e+01 3.655821544531433460e+02 6.274870659232037795e+00 4.427935379854511133e+00 1.395257383784884730e+00 8.967687603144849362e-01 3.930682003760423981e-01 9.787031222538730701e-02 1.370978078419894143e-02 -3.429416151384830774e-02 -2.010197524502886982e-02
2.281647852331340331e+01 1.193320411626750754e+01 1.397034746556537854e+01 1.179907478554208744e+01 1.136802215586152442e+01 6.274870659232037795e+00 1.695852450565903382e+02 3.067956829151732734e+00 9.390312700812387670e-01 6.010840617855889301e-01 2.195993719413583470e-02 2.163785560503364291e-01 7.255570046349177349e-02 1.867475276881834512e-02 2.785097337569588521e-02
1.197433050597786952e+01 8.542142008542498388e+00 7.910473741924361590e+00 6.459825036116263242e+00 5.705249007977833742e+00 4.427935379854511133e+00 3.067956829151732734e+00 7.143234476014413303e+01 8.485342315456412265e-01 1.694179268669893101e-01 1.354663041426480419e-01 -5.529427298733311045e-04 5.406819832793666875e-02 1.225195264249009930e-02 4.986573686966790098e-03
4.010230810510441835e+00 8.702767969068764486e+00 3.176886177046268855e+00 5.748248312878299515e+00 1.997323093407085581e+00 1.395257383784884730e+00 9.390312700812387670e-01 8.485342315456412265e-01 2.801767612377405570e+01 4.207400334554168286e-01 3.932662732127117228e-02 9.291885228912444283e-03 -8.057700915798691327e-03 2.139763555833031766e-02 7.392670500112516127e-03
1.634452659536276942e+00 2.759217007633997465e+00 1.526710956049447954e-01 1.662019975092644986e+00 1.089896271582355469e+00 8.967687603144849362e-01 6.010840617855889301e-01 1.694179268669893101e-01 4.207400334554168286e-01 1.154160854461174424e+01 9.315809576622491317e-02 2.934218209510651432e-02 6.057208153086761707e-05 1.100029275907785792e-02 5.203125652143493138e-03
2.880341822773934801e+00 -6.574493671808556705e-02 2.074964529659371337e-01 7.796127251998772323e-01 5.039622568755468546e-01 3.930682003760423981e-01 2.195993719413583470e-02 1.354663041426480419e-01 3.932662732127117228e-02 9.315809576622491317e-02 4.623417301087604514e+00 4.098476548822341248e-02 1.488920618149546134e-02 3.785334207456781362e-03 4.838886425813767635e-03
-5.987807779389294760e-01 -3.604554151700436332e-02 5.077605383064678346e-01 -3.305612094762629960e-01 2.829023326228927715e-01 9.787031222538730701e-02 2.163785560503364291e-01 -5.529427298733311045e-04 9.291885228912444283e-03 2.934218209510651432e-02 4.098476548822341248e-02 1.886774282996769969e+00 2.885694661302529856e-02 1.259505269550893237e-02 1.602126008753429129e-03
4.239616605780242159e-02 -7.856475598323267584e-02 8.139980746292702074e-02 1.353641067299445055e-01 6.918846289988529741e-02 1.370978078419894143e-02 7.255570046349177349e-02 5.406819832793666875e-02 -8.057700915798691327e-03 6.057208153086761707e-05 1.488920618149546134e-02 2.885694661302529856e-02 8.042200235626993932e-01 2.283879170555572213e-02 9.779249763840291640e-03
-5.373773833891882720e-03 -4.309764937270466056e-02 1.101815296905285096e-01 -9.740523728100032586e-02 9.893720709743553804e-04 -3.429416151384830774e-02 1.867475276881834512e-02 1.225195264249009930e-02 2.139763555833031766e-02 1.100029275907785792e-02 3.785334207456781362e-03 1.259505269550893237e-02 2.283879170555572213e-02 3.563486480541392942e-01 2.242579862318744982e-02
7.774508822524021923e-02 -4.855127839111812726e-02 -2.755019480580853108e-02 -5.353999349118151313e-02 -2.096881015406879684e-02 -2.010197524502886982e-02 2.785097337569588521e-02 4.986573686966790098e-03 7.392670500112516127e-03 5.203125652143493138e-03 4.838886425813767635e-03 1.602126008753429129e-03 9.779249763840291640e-03 2.242579862318744982e-02 1.699255486501859702e-01
