2.909915435191027427e+04 1.409043327659470606e+02 9.832618323998515564e+01 6.246567791702030092e+01 6.380382195974538462e+01 3.133527272932283125e+01 2.198383305228677642e+01 7.490099567683609294e+00 4.343253402465552249e+00 6.444606940925643457e-01 2.343785610730056701e-01 1.083283917139792996e+00 -5.282983119315804582e-02 -2.163570380327544673e-01 7.298788281740706263e-02
1.409043327659470606e+02 3.347004142667079122e+03 8.861222363517318001e+01 6.312341995755007673e+01 4.665887505514481859e+01 3.196309654005591128e+01 1.628701584260324609e+01 8.147273323849395510e+00 4.766736977471769166e+00 1.285876753265607242e+00 8.741953426050931286e-01 1.287873579108948507e-01 1.679722582586459789e-01 -2.239428979731027114e-02 1.442555960293057105e-02
9.832618323998515564e+01 8.861222363517318001e+01 1.407290483321175543e+03 6.289197714389749905e+01 4.855811520157639904e+01 2.857591817087059383e+01 1.695624663578174207e+01 7.684465509701523978e+00 3.978385873766755676e+00 1.927345151432204862e+00 6.744648555071953711e-01 3.391891715714926425e-01 8.506444422301108477e-02 1.855021425924737594e-02 9.898953956075191504e-03
6.246567791702030092e+01 6.312341995755007673e+01 6.289197714389749905e+01 5.326060922859113589e+02 3.864313972852237100e+01 2.471714898230745305e+01 1.313495156371197758e+01 7.289724096920179974e+00 2.755686711843222447e+00 1.312913643614950887e+00 5.495884175835012986e-01 1.053699023503248816e-01 1.298516692306881659e-01 3.854635400751740132e-02 2.041335779117470911e-02
6.380382195974538462e+01 4.665887505514481859e+01 4.855811520157639904e+01 3.864313972852237100e+01 2.678867380499219166e+02 1.905489386146787112e+01 1.024062581517118531e+01 5.100058836930561945e+00 2.461542753646035475e+00 1.131935737936707431e+00 5.176252384116284411e-01 1.872540870502366894e-01 3.386988667899740874e-02 3.252586997364680099e-02 -4.314512968206589937e-04
3.133527272932283125e+01 3.196309654005591128e+01 2.857591817087059383e+01 2.471714898230745305e+01 1.905489386146787112e+01 1.050721951503385583e+02 7.853443898068573681e+00 3.973723120120655317e+00 1.933930203422501437e+00 8.011133545325376248e-01 3.064746085482506488e-01 1.351726899265955351e-01 2.666469627562085762e-02 3.458083545873558151e-02 7.911542190691624524e-03
2.198383305228677642e+01 1.628701584260324609e+01 1.695624663578174207e+01 1.313495156371197758e+01 1.024062581517118531e+01 7.853443898068573681e+00 4.578246602367398310e+01 2.559744551697574089e+00 1.290380501678821679e+00 5.546421199131974511e-01 2.190103398246827093e-01 1.111216373834166965e-01 4.061980211923813672e-02 1.948080957213963252e-02 6.922150288966318066e-03
7.490099567683609294e+00 8.147273323849395510e+00 7.684465509701523978e+00 7.289724096920179974e+00 5.100058836930561945e+00 3.973723120120655317e+00 2.559744551697574089e+00 1.932561504890534465e+01 9.149270250664836013e-01 3.352283612341298014e-01 1.663092755176127646e-01 6.109486208438833638e-02 2.129071934822055270e-02 1.945570828987632991e-02 1.075531302860224456e-02
4.343253402465552249e+00 4.766736977471769166e+00 3.978385873766755676e+00 2.755686711843222447e+00 2.461542753646035475e+00 1.933930203422501437e+00 1.290380501678821679e+00 9.149270250664836013e-01 7.880276944945327600e+00 2.935049243102513805e-01 9.780288371227355282e-02 4.072485358757975404e-02 1.525629008927802815e-02 8.378926299681154974e-03 3.615524169682120953e-03
6.444606940925643457e-01 1.285876753265607242e+00 1.927345151432204862e+00 1.312913643614950887e+00 1.131935737936707431e+00 8.011133545325376248e-01 5.546421199131974511e-01 3.352283612341298014e-01 2.935049243102513805e-01 3.279678787321639089e+00 9.537060345837999886e-02 3.326272835063076583e-02 6.839628932119955380e-03 6.697725941473313231e-03 1.829543899013110148e-03
2.343785610730056701e-01 8.741953426050931286e-01 6.744648555071953711e-01 5.495884175835012986e-01 5.176252384116284411e-01 3.064746085482506488e-01 2.190103398246827093e-01 1.663092755176127646e-01 9.780288371227355282e-02 9.537060345837999886e-02 1.381640479382189257e+00 4.248377606071120777e-02 1.496031178143774829e-02 4.953436245821727854e-03 2.364781892324990635e-03
1.083283917139792996e+00 1.287873579108948507e-01 3.391891715714926425e-01 1.053699023503248816e-01 1.872540870502366894e-01 1.351726899265955351e-01 1.111216373834166965e-01 6.109486208438833638e-02 4.072485358757975404e-02 3.326272835063076583e-02 4.248377606071120777e-02 5.885155435096105503e-01 2.657941800309079547e-02 8.547381269091328809e-03 2.460369379818891193e-03
-5.282983119315804582e-02 1.679722582586459789e-01 8.506444422301108477e-02 1.298516692306881659e-01 3.386988667899740874e-02 2.666469627562085762e-02 4.061980211923813672e-02 2.129071934822055270e-02 1.525629008927802815e-02 6.839628932119955380e-03 1.496031178143774829e-02 2.657941800309079547e-02 2.617685559046196708e-01 1.881626008426103697e-02 5.456794271513625873e-03
-2.163570380327544673e-01 -2.239428979731027114e-02 1.855021425924737594e-02 3.854635400751740132e-02 3.252586997364680099e-02 3.458083545873558151e-02 1.948080957213963252e-02 1.945570828987632991e-02 8.378926299681154974e-03 6.697725941473313231e-03 4.953436245821727854e-03 8.547381269091328809e-03 1.881626008426103697e-02 1.285391858227309947e-01 1.609522702109847381e-02
7.298788281740706263e-02 1.442555960293057105e-02 9.898953956075191504e-03 2.041335779117470911e-02 -4.314512968206589937e-04 7.911542190691624524e-03 6.922150288966318066e-03 1.075531302860224456e-02 3.615524169682120953e-03 1.829543899013110148e-03 2.364781892324990635e-03 2.460369379818891193e-03 5.456794271513625873e-03 1.609522702109847381e-02 6.817934992549924689e-02
