4.532315439930688590e+06 -7.692557129646715111e+03 2.692880695490383118e+02 -9.976072582471431360e+02 9.494702266455847166e+02 5.654140091057638529e+02 7.394560227164597563e+02 3.526188992443373991e+02 1.019531353831065132e+02 8.224168398852572892e+00 1.241622028346433648e+00 1.056925054728543500e+01 -2.879730104619296682e+00 3.634074624884382487e-01 1.858908858204066927e+00
-7.692557129646715111e+03 3.634148320974865346e+05 1.272463060556367736e+03 1.133942262552594229e+03 8.788978646215163053e+02 6.236361544816259084e+02 3.869738633702455672e+02 2.308243084306964761e+02 1.370009929794090624e+02 7.338808030916780467e+01 5.131466746842716020e+01 1.033544912777810332e+01 4.954505168047986796e-01 4.336154454909381784e+00 -3.065389357471313136e+00
2.692880695490383118e+02 1.272463060556367736e+03 4.274437158556352369e+04 9.775457232476633180e+02 6.991702668359813515e+02 5.257074849276765462e+02 3.179809416245615239e+02 2.046286330420311117e+02 9.296667130214885333e+01 4.133440302969124502e+01 2.296424712143876334e+01 4.131461855198947042e+00 2.965418229856981558e+00 -1.200126804033374017e-01 -4.920371750320665649e-01
-9.976072582471431360e+02 1.133942262552594229e+03 9.775457232476633180e+02 8.164697652293035935e+04 7.548269161107169793e+02 3.667952147241707053e+02 2.177203297010890140e+02 1.458062774392645622e+02 7.795840950028267002e+01 3.895038620351705561e+01 1.834631357780308036e+01 1.068933923294810029e+01 3.464018908848551348e+00 1.848244698503650030e+00 -1.756349131813033093e-01
9.494702266455847166e+02 8.788978646215163053e+02 6.991702668359813515e+02 7.548269161107169793e+02 8.005674068406133301e+03 3.577828971042773674e+02 2.321448376440547463e+02 1.476011308361347574e+02 7.276746688989786094e+01 3.393421913430585590e+01 1.224579380999898603e+01 5.802422771651644773e+00 1.572882171741604163e+00 1.197876176521974090e+00 7.253356061770638297e-01
5.654140091057638529e+02 6.236361544816259084e+02 5.257074849276765462e+02 3.667952147241707053e+02 3.577828971042773674e+02 3.505740360874746330e+03 1.619744072679590658e+02 1.058394850287617999e+02 5.182960926906894628e+01 2.575544538325621957e+01 1.138442926319482673e+01 4.513988957979722549e+00 1.707924684264922055e+00 6.398755135797505877e-01 3.669299654110937392e-01
7.394560227164597563e+02 3.869738633702455672e+02 3.179809416245615239e+02 2.177203297010890140e+02 2.321448376440547463e+02 1.619744072679590658e+02 1.529037263999420475e+03 6.960463391974529657e+01 3.755281363087210877e+01 1.850342368966781237e+01 6.385170701991455644e+00 4.466792373868619492e+00 9.605252577209414389e-01 5.134016429304836260e-01 3.986125006993940234e-01
3.526188992443373991e+02 2.308243084306964761e+02 2.046286330420311117e+02 1.458062774392645622e+02 1.476011308361347574e+02 1.058394850287617999e+02 6.960463391974529657e+01 4.597439612840128689e+02 2.405236560083950081e+01 1.155767426360925221e+01 5.011762908377249026e+00 2.253269829292945392e+00 1.045524676287781007e+00 3.216659915536346226e-01 2.065636870667200975e-01
1.019531353831065132e+02 1.370009929794090624e+02 9.296667130214885333e+01 7.795840950028267002e+01 7.276746688989786094e+01 5.182960926906894628e+01 3.755281363087210877e+01 2.405236560083950081e+01 2.231511904622695681e+02 7.659870012667237660e+00 3.279296740850882408e+00 1.383651410245680280e+00 4.748163750708994102e-01 1.941185326228649366e-01 1.500795798705994166e-01
8.224168398852572892e+00 7.338808030916780467e+01 4.133440302969124502e+01 3.895038620351705561e+01 3.393421913430585590e+01 2.575544538325621957e+01 1.850342368966781237e+01 1.155767426360925221e+01 7.659870012667237660e+00 8.659174931251936869e+01 2.194632045623669203e+00 8.637880220083075100e-01 4.307923796632876501e-01 2.057860621319465566e-01 2.988589576854995197e-02
1.241622028346433648e+00 5.131466746842716020e+01 2.296424712143876334e+01 1.834631357780308036e+01 1.224579380999898603e+01 1.138442926319482673e+01 6.385170701991455644e+00 5.011762908377249026e+00 3.279296740850882408e+00 2.194632045623669203e+00 3.507971766099441879e+01 6.949349762813112896e-01 2.319337561426765282e-01 5.664347220970543384e-02 5.361933270388588579e-02
1.056925054728543500e+01 1.033544912777810332e+01 4.131461855198947042e+00 1.068933923294810029e+01 5.802422771651644773e+00 4.513988957979722549e+00 4.466792373868619492e+00 2.253269829292945392e+00 1.383651410245680280e+00 8.637880220083075100e-01 6.949349762813112896e-01 1.386746785825834749e+01 3.084858790853977073e-01 8.944926205474063030e-02 3.012284889712946168e-02
-2.879730104619296682e+00 4.954505168047986796e-01 2.965418229856981558e+00 3.464018908848551348e+00 1.572882171741604163e+00 1.707924684264922055e+00 9.605252577209414389e-01 1.045524676287781007e+00 4.748163750708994102e-01 4.307923796632876501e-01 2.319337561426765282e-01 3.084858790853977073e-01 5.824901669928320480e+00 1.572735512474540687e-01 6.594657350010729724e-02
3.634074624884382487e-01 4.336154454909381784e+00 -1.200126804033374017e-01 1.848244698503650030e+00 1.197876176521974090e+00 6.398755135797505877e-01 5.134016429304836260e-01 3.216659915536346226e-01 1.941185326228649366e-01 2.057860621319465566e-01 5.664347220970543384e-02 8.944926205474063030e-02 1.572735512474540687e-01 2.548888544777168086e+00 1.224844005975460892e-01
1.858908858204066927e+00 -3.065389357471313136e+00 -4.920371750320665649e-01 -1.756349131813033093e-01 7.253356061770638297e-01 3.669299654110937392e-01 3.986125006993940234e-01 2.065636870667200975e-01 1.500795798705994166e-01 2.988589576854995197e-02 5.361933270388588579e-02 3.012284889712946168e-02 6.594657350010729724e-02 1.224844005975460892e-01 1.161435902513881180e+00
