3.371027316462244198e+04 6.522963582455346909e+01 1.036572022567533509e+02 4.378775742923054537e+01 6.452520459578944667e+01 2.262174502119792407e+01 1.264033875309803001e+01 7.879450562566557181e+00 2.477865137825002950e+00 6.877044015899665963e-01 9.286612531638709367e-01 -3.025884724835615769e-01 1.870680217653021560e-02 2.841053359602810358e-02 -9.472861738722374025e-02
6.522963582455346909e+01 6.828606682794525113e+03 6.293464302093518370e+01 4.697723853117712878e+01 3.170302862580582470e+01 2.325443799291364755e+01 1.309107209582955811e+01 7.138900332255387227e+00 3.506162767172603001e+00 8.547439105181495189e-02 1.663530529446058115e-01 1.127531122800689706e-01 4.517371070925330079e-01 -1.977067549389720236e-02 -4.314860914325475277e-02
1.036572022567533509e+02 6.293464302093518370e+01 3.277437679773385298e+03 4.382569114197718108e+01 3.426048537105392455e+01 2.204897486417379682e+01 1.366344901735778805e+01 8.229723809698551662e+00 3.938982849415140208e+00 1.107333498148922013e+00 6.920311973749655454e-01 2.463301137565439280e-02 2.038344032865527788e-01 4.408723660230257080e-02 4.668995158876823592e-02
4.378775742923054537e+01 4.697723853117712878e+01 4.382569114197718108e+01 9.993112523773692146e+02 2.898486743368744811e+01 1.898448530082559316e+01 1.046820384274637128e+01 5.287632651386281246e+00 2.888153456043916378e+00 1.128095731291002490e+00 3.056247933641176306e-01 4.248365317214503611e-01 -3.754458737140588948e-02 3.852903576754431944e-03 -3.758232380387156041e-03
6.452520459578944667e+01 3.170302862580582470e+01 3.426048537105392455e+01 2.898486743368744811e+01 3.838461221887642409e+02 1.417992230109315166e+01 8.888577983061475507e+00 4.473624551739533217e+00 2.253810739419025211e+00 1.098659296835206467e+00 5.017573619173500976e-01 9.313247954938856654e-02 4.951511405807893645e-02 -3.161665776542783857e-02 1.279105218997186877e-02
2.262174502119792407e+01 2.325443799291364755e+01 2.204897486417379682e+01 1.898448530082559316e+01 1.417992230109315166e+01 1.750799726591914123e+02 6.079551379237794428e+00 3.256176130990395379e+00 1.390851780646874536e+00 5.819643229111978178e-01 2.629786289039743874e-01 4.332536176344549406e-02 4.123720622748346110e-02 2.595791941445865433e-02 1.186866980800993857e-02
1.264033875309803001e+01 1.309107209582955811e+01 1.366344901735778805e+01 1.046820384274637128e+01 8.888577983061475507e+00 6.079551379237794428e+00 7.026689065484774233e+01 2.105906623821299117e+00 9.356921566521524403e-01 4.562749297452999842e-01 2.192704947610738253e-01 9.501644920921878401e-02 2.585541207079916290e-02 1.580166272983450637e-02 5.804100689987050539e-03
7.879450562566557181e+00 7.138900332255387227e+00 8.229723809698551662e+00 5.287632651386281246e+00 4.473624551739533217e+00 3.256176130990395379e+00 2.105906623821299117e+00 2.634783099791799899e+01 6.400659722551124142e-01 2.591527787773557079e-01 1.378063331817838411e-01 5.651813414035270627e-02 2.890867415470695784e-02 5.133159624334480801e-03 4.681644472967960366e-03
2.477865137825002950e+00 3.506162767172603001e+00 3.938982849415140208e+00 2.888153456043916378e+00 2.253810739419025211e+00 1.390851780646874536e+00 9.356921566521524403e-01 6.400659722551124142e-01 1.076842833420903034e+01 1.978354968344604725e-01 9.359648930365299657e-02 2.370205464250920921e-02 1.949300303086114530e-02 7.574880334686989042e-03 3.957299333295299405e-03
6.877044015899665963e-01 8.547439105181495189e-02 1.107333498148922013e+00 1.128095731291002490e+00 1.098659296835206467e+00 5.819643229111978178e-01 4.562749297452999842e-01 2.591527787773557079e-01 1.978354968344604725e-01 4.444720530535578362e+00 6.856242207517210252e-02 1.699534722497912653e-02 6.995426410219125063e-03 3.521883780885250517e-03 3.429396196828294902e-03
9.286612531638709367e-01 1.663530529446058115e-01 6.920311973749655454e-01 3.056247933641176306e-01 5.017573619173500976e-01 2.629786289039743874e-01 2.192704947610738253e-01 1.378063331817838411e-01 9.359648930365299657e-02 6.856242207517210252e-02 1.825451180683772767e+00 3.522578161011732240e-02 1.250848270031409797e-02 4.738814380361418624e-03 1.967540140117471272e-03
-3.025884724835615769e-01 1.127531122800689706e-01 2.463301137565439280e-02 4.248365317214503611e-01 9.313247954938856654e-02 4.332536176344549406e-02 9.501644920921878401e-02 5.651813414035270627e-02 2.370205464250920921e-02 1.699534722497912653e-02 3.522578161011732240e-02 7.752380552225512922e-01 2.055363744629219724e-02 7.164726928768200102e-03 2.897497640759108713e-03
1.870680217653021560e-02 4.517371070925330079e-01 2.038344032865527788e-01 -3.754458737140588948e-02 4.951511405807893645e-02 4.123720622748346110e-02 2.585541207079916290e-02 2.890867415470695784e-02 1.949300303086114530e-02 6.995426410219125063e-03 1.250848270031409797e-02 2.055363744629219724e-02 3.329287330517693988e-01 1.606766459723395907e-02 5.402173383116188644e-03
2.841053359602810358e-02 -1.977067549389720236e-02 4.408723660230257080e-02 3.852903576754431944e-03 -3.161665776542783857e-02 2.595791941445865433e-02 1.580166272983450637e-02 5.133159624334480801e-03 7.574880334686989042e-03 3.521883780885250517e-03 4.738814380361418624e-03 7.164726928768200102e-03 1.606766459723395907e-02 1.513504740349485012e-01 1.314042743154570335e-02
-9.472861738722374025e-02 -4.314860914325475277e-02 4.668995158876823592e-02 -3.758232380387156041e-03 1.279105218997186877e-02 1.186866980800993857e-02 5.804100689987050539e-03 4.681644472967960366e-03 3.957299333295299405e-03 3.429396196828294902e-03 1.967540140117471272e-03 2.897497640759108713e-03 5.402173383116188644e-03 1.314042743154570335e-02 7.490892144018083953e-02
