1.190543172623704672e+09 1.293422292326484239e+04 -6.022248907148784383e+03 1.716414319822551533e+03 6.131286091801687689e+03 4.339044803340349063e+03 -3.970868693565343932e+01 -8.491031778682477125e+02 -4.638209357099036083e+02 3.451327968960189878e+02 1.692942799495658335e+02 1.138039688084364087e+02 -1.643967781926751002e+02 -1.002312010986076132e+02 5.647700730386887358e+01
1.293422292326484239e+04 1.087463966119226097e+05 3.063115302751400577e+02 3.149837811997982158e+02 2.995222665542486311e+02 1.190544352559452932e+02 8.789639220328031399e+01 6.152838546184958091e+01 3.790259580165991338e+01 3.938441743570149534e+00 6.718358173247398923e+00 8.233219143121018879e-01 -4.626813662426755847e-01 4.566612206035286503e-01 1.104204352256292099e+00
-6.022248907148784383e+03 3.063115302751400577e+02 1.584215192045739241e+04 3.167805228962163824e+02 1.856696970365947550e+02 1.268695537276016410e+02 6.354626018968247081e+01 4.285187345924851599e+01 1.703138669698202889e+01 1.214068191442463629e+01 1.681949932858737062e+00 -3.939447200688879214e-01 9.395209938975790376e-01 1.592993015003472790e+00 5.217728527451076515e-01
1.716414319822551533e+03 3.149837811997982158e+02 3.167805228962163824e+02 6.941131036073033101e+03 1.670706507153825555e+02 1.202437075018793564e+02 5.149742674418616417e+01 3.414288148433207937e+01 1.918530991166278454e+01 8.649988996114149842e+00 3.594183277837645907e+00 1.918409237911649523e+00 1.453220081075320191e+00 4.401858629439666104e-01 1.329798986648180747e-01
6.131286091801687689e+03 2.995222665542486311e+02 1.856696970365947550e+02 1.670706507153825555e+02 2.936891476212409088e+03 9.556808777676954492e+01 6.054841780926197714e+01 3.364661594096463659e+01 1.684098320989876285e+01 7.755010035437629234e+00 3.399996120748506989e+00 1.586976546719405246e+00 1.286471298047998868e+00 2.734069501166107030e-01 2.727274479279510888e-02
4.339044803340349063e+03 1.190544352559452932e+02 1.268695537276016410e+02 1.202437075018793564e+02 9.556808777676954492e+01 1.373626165669903230e+03 4.288298413382267427e+01 2.661536340787347044e+01 1.260813307990455634e+01 5.117634277483568361e+00 2.928818234508917318e+00 4.739318504860451919e-01 3.818714527011002335e-01 3.823690945961069065e-01 -9.247261440324890808e-03
-3.970868693565343932e+01 8.789639220328031399e+01 6.354626018968247081e+01 5.149742674418616417e+01 6.054841780926197714e+01 4.288298413382267427e+01 6.278345907614102543e+02 1.641702265585155729e+01 8.421866650662904519e+00 4.190694894054715292e+00 1.335874989253224232e+00 6.646974021792037002e-01 3.878218646909116218e-01 1.314627582316885424e-01 4.599686398741081872e-02
-8.491031778682477125e+02 6.152838546184958091e+01 4.285187345924851599e+01 3.414288148433207937e+01 3.364661594096463659e+01 2.661536340787347044e+01 1.641702265585155729e+01 2.120253481983755250e+02 5.377638882535813458e+00 1.995944272723347845e+00 9.082562428789048292e-01 7.132000978727147666e-01 1.379143681831557500e-01 1.326733694139832775e-01 4.078834879969665123e-02
-4.638209357099036083e+02 3.790259580165991338e+01 1.703138669698202889e+01 1.918530991166278454e+01 1.684098320989876285e+01 1.260813307990455634e+01 8.421866650662904519e+00 5.377638882535813458e+00 9.789766827861346599e+01 1.916935100854195051e+00 6.303473595284241338e-01 2.270578413895240621e-01 -6.651110024805352225e-03 4.291100616461433759e-02 3.684838960173923011e-02
3.451327968960189878e+02 3.938441743570149534e+00 1.214068191442463629e+01 8.649988996114149842e+00 7.755010035437629234e+00 5.117634277483568361e+00 4.190694894054715292e+00 1.995944272723347845e+00 1.916935100854195051e+00 4.011795032216021895e+01 5.827027607820483013e-01 1.535953088762398999e-01 6.956164003886075586e-02 3.454925148594516909e-02 4.585773038143986513e-02
1.692942799495658335e+02 6.718358173247398923e+00 1.681949932858737062e+00 3.594183277837645907e+00 3.399996120748506989e+00 2.928818234508917318e+00 1.335874989253224232e+00 9.082562428789048292e-01 6.303473595284241338e-01 5.827027607820483013e-01 1.562198470810269946e+01 2.293250305752256857e-01 7.561307519951582234e-02 2.796776163490428957e-02 7.674851881814111210e-03
1.138039688084364087e+02 8.233219143121018879e-01 -3.939447200688879214e-01 1.918409237911649523e+00 1.586976546719405246e+00 4.739318504860451919e-01 6.646974021792037002e-01 7.132000978727147666e-01 2.270578413895240621e-01 1.535953088762398999e-01 2.293250305752256857e-01 6.562209751532710911e+00 1.219115680856002054e-01 3.582161153537665593e-02 1.747178246367394813e-02
-1.643967781926751002e+02 -4.626813662426755847e-01 9.395209938975790376e-01 1.453220081075320191e+00 1.286471298047998868e+00 3.818714527011002335e-01 3.878218646909116218e-01 1.379143681831557500e-01 -6.651110024805352225e-03 6.956164003886075586e-02 7.561307519951582234e-02 1.219115680856002054e-01 2.742971019639385055e+00 7.851086786269319273e-02 1.642527160809092307e-02
-1.002312010986076132e+02 4.566612206035286503e-01 1.592993015003472790e+00 4.401858629439666104e-01 2.734069501166107030e-01 3.823690945961069065e-01 1.314627582316885424e-01 1.326733694139832775e-01 4.291100616461433759e-02 3.454925148594516909e-02 2.796776163490428957e-02 3.582161153537665593e-02 7.851086786269319273e-02 1.222016513077978317e+00 5.731142536023409867e-02
5.647700730386887358e+01 1.104204352256292099e+00 5.217728527451076515e-01 1.329798986648180747e-01 2.727274479279510888e-02 -9.247261440324890808e-03 4.599686398741081872e-02 4.078834879969665123e-02 3.684838960173923011e-02 4.585773038143986513e-02 7.674851881814111210e-03 1.747178246367394813e-02 1.642527160809092307e-02 5.731142536023409867e-02 5.552601964553870451e-01
