1.238922132424146184e+04 3.940251445665877128e+01 2.755676322319295934e+01 3.620858887421225347e+01 1.937257867784430232e+01 8.749616873457918942e+00 3.527491472624944446e+00 8.380248487672501412e-01 1.026455450531105651e+00 4.191700687491487498e-01 -1.433580548171194957e-01 1.245253277020207279e-02 -1.484890069219973741e-01 -5.739282684279289198e-02 2.669078439119850973e-02
3.940251445665877128e+01 2.829228880758774721e+03 3.394067158999748557e+01 1.805068011173686315e+01 1.287993303126493139e+01 6.118892398171875691e+00 4.226937469624195032e+00 1.555458679115681697e+00 8.250404981085268652e-01 2.370950468035179226e-01 2.147893003324269634e-01 8.192818716308741811e-02 3.008407362802142243e-02 2.357745241135989628e-02 -2.624785932285777015e-02
2.755676322319295934e+01 3.394067158999748557e+01 9.419586835792729289e+02 1.678121456738696793e+01 1.022055231771085815e+01 7.555054236053445393e+00 3.037836006855052062e+00 2.063802554652984789e+00 8.630448008356849110e-01 4.629483593925159957e-01 9.900088170912645091e-02 1.064772021353142667e-01 9.503225070215873260e-02 2.018236672212359376e-02 2.322261893247983683e-02
3.620858887421225347e+01 1.805068011173686315e+01 1.678121456738696793e+01 3.792840954058117973e+02 8.855712923790573399e+00 5.170497981106490393e+00 3.184033558019972343e+00 1.430381776011411477e+00 8.395035370379654305e-01 1.523910582700199468e-01 1.018307882382533808e-01 9.451850943887956866e-03 3.302080507169986162e-02 -5.845030892922618414e-04 1.674114628038509550e-02
1.937257867784430232e+01 1.287993303126493139e+01 1.022055231771085815e+01 8.855712923790573399e+00 1.887322318102739018e+02 3.679137542059787158e+00 2.131339810565902049e+00 1.053250603952004205e+00 6.544965861923933703e-01 2.176733090288462125e-01 5.470138628893763538e-02 5.454110323518116671e-02 1.584764596394999323e-02 1.198269757848038561e-02 -1.034100931017614342e-02
8.749616873457918942e+00 6.118892398171875691e+00 7.555054236053445393e+00 5.170497981106490393e+00 3.679137542059787158e+00 7.396066503880746268e+01 1.719410246500596484e+00 9.267875713947973937e-01 4.272879013011433580e-01 2.059213223920211833e-01 5.902602602366854162e-02 1.613217559527894973e-02 1.259297501685844450e-02 -8.235164757277929279e-03 4.922967351018362261e-03
3.527491472624944446e+00 4.226937469624195032e+00 3.037836006855052062e+00 3.184033558019972343e+00 2.131339810565902049e+00 1.719410246500596484e+00 3.113044185088033800e+01 6.053539394441777022e-01 2.249546991197419188e-01 2.644777401939687328e-02 6.308279509209105407e-02 1.200761644578435781e-02 4.329516290455285091e-03 1.925167043311373132e-03 -2.511174936062503032e-04
8.380248487672501412e-01 1.555458679115681697e+00 2.063802554652984789e+00 1.430381776011411477e+00 1.053250603952004205e+00 9.267875713947973937e-01 6.053539394441777022e-01 1.199404039479723316e+01 2.152241366450083904e-01 5.834591839327215451e-02 3.817345815921783375e-02 1.530206359806504830e-02 5.851986919390450050e-03 2.832254127564735012e-03 -2.119896313437301903e-05
1.026455450531105651e+00 8.250404981085268652e-01 8.630448008356849110e-01 8.395035370379654305e-01 6.544965861923933703e-01 4.272879013011433580e-01 2.249546991197419188e-01 2.152241366450083904e-01 4.886277744860547223e+00 7.714511990937736319e-02 1.883862401330015784e-02 4.443655353331467731e-03 1.838734520840233644e-03 5.075592091651832038e-04 2.643029310068468161e-03
4.191700687491487498e-01 2.370950468035179226e-01 4.629483593925159957e-01 1.523910582700199468e-01 2.176733090288462125e-01 2.059213223920211833e-01 2.644777401939687328e-02 5.834591839327215451e-02 7.714511990937736319e-02 2.026945027012248879e+00 2.491389333007287821e-02 1.026193455661187671e-02 4.240601269017825470e-03 1.275112071076449317e-03 -5.357864770651372954e-05
-1.433580548171194957e-01 2.147893003324269634e-01 9.900088170912645091e-02 1.018307882382533808e-01 5.470138628893763538e-02 5.902602602366854162e-02 6.308279509209105407e-02 3.817345815921783375e-02 1.883862401330015784e-02 2.491389333007287821e-02 8.212707413719937399e-01 1.401845323588132332e-02 2.822792099095344960e-03 2.080639182757414683e-03 6.896615951821211945e-04
1.245253277020207279e-02 8.192818716308741811e-02 1.064772021353142667e-01 9.451850943887956866e-03 5.454110323518116671e-02 1.613217559527894973e-02 1.200761644578435781e-02 1.530206359806504830e-02 4.443655353331467731e-03 1.026193455661187671e-02 1.401845323588132332e-02 3.449288957251503973e-01 9.242753665246615860e-03 3.025064534472783791e-03 1.003500791067345145e-03
-1.484890069219973741e-01 3.008407362802142243e-02 9.503225070215873260e-02 3.302080507169986162e-02 1.584764596394999323e-02 1.259297501685844450e-02 4.329516290455285091e-03 5.851986919390450050e-03 1.838734520840233644e-03 4.240601269017825470e-03 2.822792099095344960e-03 9.242753665246615860e-03 1.512436632361902344e-01 7.305676579371830556e-03 2.068663584375141692e-03
-5.739282684279289198e-02 2.357745241135989628e-02 2.018236672212359376e-02 -5.845030892922618414e-04 1.198269757848038561e-02 -8.235164757277929279e-03 1.925167043311373132e-03 2.832254127564735012e-03 5.075592091651832038e-04 1.275112071076449317e-03 2.080639182757414683e-03 3.025064534472783791e-03 7.305676579371830556e-03 6.863989130498700242e-02 6.122195373683993885e-03
2.669078439119850973e-02 -2.624785932285777015e-02 2.322261893247983683e-02 1.674114628038509550e-02 -1.034100931017614342e-02 4.922967351018362261e-03 -2.511174936062503032e-04 -2.119896313437301903e-05 2.643029310068468161e-03 -5.357864770651372954e-05 6.896615951821211945e-04 1.003500791067345145e-03 2.068663584375141692e-03 6.122195373683993885e-03 3.440633870877959910e-02
