6.549166836371080535e+03 2.476111519658980953e+01 1.858568529204032060e+01 9.849187039168070257e+00 6.872048035579538805e+00 6.578878650561724051e+00 3.118685948229002580e+00 1.773594262770852303e+00 3.639132150621594564e-01 5.049405606901513632e-01 7.466306868718004808e-02 -5.525622686849700899e-02 4.209324122842609400e-02 4.291806239596197142e-02 -2.428331280681276377e-02
2.476111519658980953e+01 1.609578747479340109e+03 1.984418417769702359e+01 5.750483812205811063e+00 8.224987971301407796e+00 3.204920679814896367e+00 2.328976158281478526e+00 8.577898555658145519e-01 3.855994919208187710e-01 3.210259654153281850e-01 -7.535271591974944394e-02 1.237878019164645113e-02 -1.486167336599750720e-02 3.933173605835058734e-02 6.141700887034165675e-03
1.858568529204032060e+01 1.984418417769702359e+01 8.287089205953619739e+02 1.139588832014005959e+01 7.616107483468122830e+00 2.038349398015165903e+00 2.325493519533349929e+00 3.780873931723275905e-01 4.038063318148070180e-01 2.032776350314443592e-01 6.152572849897377551e-03 3.759398124530942409e-02 1.768525875538756037e-02 5.837165828214587035e-04 1.053938188677657622e-04
9.849187039168070257e+00 5.750483812205811063e+00 1.139588832014005959e+01 2.678554654443962022e+02 4.478676060159869188e+00 2.232905070500173395e+00 1.235084075005086879e+00 3.010952239291940224e-01 1.673915935879462802e-01 4.246977344638718649e-02 2.263672225467274618e-02 3.470988813718746402e-02 1.347871537090284018e-02 -6.631645186848680873e-03 -2.615205827709719561e-03
6.872048035579538805e+00 8.224987971301407796e+00 7.616107483468122830e+00 4.478676060159869188e+00 1.071462359970354044e+02 1.915977336678543086e+00 1.216771151470753320e+00 3.598287272358630662e-01 1.362454583891020976e-01 1.038364097521819185e-01 3.279893322426830071e-02 2.269473506695373136e-02 4.783912552802729889e-04 -2.433384746225843945e-03 1.669328565261564423e-03
6.578878650561724051e+00 3.204920679814896367e+00 2.038349398015165903e+00 2.232905070500173395e+00 1.915977336678543086e+00 4.425624301363431101e+01 5.579170840876822579e-01 2.366490021328505611e-01 1.471553009971316994e-01 7.079026101776761393e-02 2.735323209501339808e-02 2.065319309613355622e-02 -6.158578912667288588e-04 5.995383864592858207e-03 1.263556220707840339e-03
3.118685948229002580e+00 2.328976158281478526e+00 2.325493519533349929e+00 1.235084075005086879e+00 1.216771151470753320e+00 5.579170840876822579e-01 1.784936812491371327e+01 2.286349515236284213e-01 9.961749724094837166e-02 6.245432079170824130e-02 1.600766916165662079e-02 1.241543315560557012e-02 5.810707909643796076e-03 1.923860175953535923e-03 7.269572431151654496e-04
1.773594262770852303e+00 8.577898555658145519e-01 3.780873931723275905e-01 3.010952239291940224e-01 3.598287272358630662e-01 2.366490021328505611e-01 2.286349515236284213e-01 7.331640984363569480e+00 7.898522036107924471e-02 6.886325714649560448e-02 1.592130508848605894e-02 8.312726754439482557e-03 7.056573757376215683e-05 6.156199659703939266e-04 -8.077248564525851826e-04
3.639132150621594564e-01 3.855994919208187710e-01 4.038063318148070180e-01 1.673915935879462802e-01 1.362454583891020976e-01 1.471553009971316994e-01 9.961749724094837166e-02 7.898522036107924471e-02 3.041081750522840021e+00 3.235042808525571273e-02 7.882677967794203544e-03 7.241494900366004205e-03 -1.293202510906866424e-04 2.505622030094626328e-03 1.117215204418492945e-03
5.049405606901513632e-01 3.210259654153281850e-01 2.032776350314443592e-01 4.246977344638718649e-02 1.038364097521819185e-01 7.079026101776761393e-02 6.245432079170824130e-02 6.886325714649560448e-02 3.235042808525571273e-02 1.237973260065193148e+00 1.566081311055848857e-02 2.964964999041358809e-03 3.014699852146866116e-03 4.424072240331450843e-04 4.512294216619727391e-04
7.466306868718004808e-02 -7.535271591974944394e-02 6.152572849897377551e-03 2.263672225467274618e-02 3.279893322426830071e-02 2.735323209501339808e-02 1.600766916165662079e-02 1.592130508848605894e-02 7.882677967794203544e-03 1.566081311055848857e-02 5.108423481430569568e-01 5.879832291960532774e-03 2.535034115522993327e-03 4.344704934072605843e-04 2.664148390729658127e-04
-5.525622686849700899e-02 1.237878019164645113e-02 3.759398124530942409e-02 3.470988813718746402e-02 2.269473506695373136e-02 2.065319309613355622e-02 1.241543315560557012e-02 8.312726754439482557e-03 7.241494900366004205e-03 2.964964999041358809e-03 5.879832291960532774e-03 2.129918604014214845e-01 4.773608234303157970e-03 1.609443318688612940e-03 6.622653327225020998e-04
4.209324122842609400e-02 -1.486167336599750720e-02 1.768525875538756037e-02 1.347871537090284018e-02 4.783912552802729889e-04 -6.158578912667288588e-04 5.810707909643796076e-03 7.056573757376215683e-05 -1.293202510906866424e-04 3.014699852146866116e-03 2.535034115522993327e-03 4.773608234303157970e-03 9.267716672312931170e-02 4.257475721846166322e-03 1.667023381728308367e-03
4.291806239596197142e-02 3.933173605835058734e-02 5.837165828214587035e-04 -6.631645186848680873e-03 -2.433384746225843945e-03 5.995383864592858207e-03 1.923860175953535923e-03 6.156199659703939266e-04 2.505622030094626328e-03 4.424072240331450843e-04 4.344704934072605843e-04 1.609443318688612940e-03 4.257475721846166322e-03 4.248075604495665791e-02 4.196460548637181640e-03
-2.428331280681276377e-02 6.141700887034165675e-03 1.053938188677657622e-04 -2.615205827709719561e-03 1.669328565261564423e-03 1.263556220707840339e-03 7.269572431151654496e-04 -8.077248564525851826e-04 1.117215204418492945e-03 4.512294216619727391e-04 2.664148390729658127e-04 6.622653327225020998e-04 1.667023381728308367e-03 4.196460548637181640e-03 2.166216402921648798e-02
