1.003599312996907101e+05 1.127078221034131218e+02 6.277414885725303151e+01 3.819203800768634949e+01 4.682168396920753395e+01 4.515525785518915036e+00 9.491981783698975050e+00 2.769036146772188456e+00 6.785926456145964236e-01 -1.152044477586912530e+00 1.121966367606419102e+00 -1.780826693816405903e+00 8.617976046568726067e-01 5.773972781020192402e-01 -1.350335843976875061e-01
1.127078221034131218e+02 1.004898764928291166e+04 2.667330091891103550e+01 3.423790749821328916e+01 2.127195458534185946e+01 7.605860182284328808e+00 2.290709383751439177e+00 3.276152180426296079e-01 1.585476158499392052e-01 -3.989921971387398458e-01 -5.003791128867201426e-02 8.741561245169209293e-01 -7.399787485912279195e-02 -1.772527535746641625e-01 -4.063098267011800574e-02
6.277414885725303151e+01 2.667330091891103550e+01 2.642674871082051595e+03 2.280308850563234913e+01 1.409032685215612979e+01 8.763891474143434834e+00 6.387481527108472612e+00 2.026231628506886207e+00 1.486754470679631845e+00 3.294135066308206405e-01 1.558858683907206888e-01 8.941732511102169767e-02 -6.117633558354329537e-02 4.030195735582820654e-02 -5.288282581584659997e-02
3.819203800768634949e+01 3.423790749821328916e+01 2.280308850563234913e+01 1.012943455092192153e+03 1.322356217519219079e+01 7.060223267993572804e+00 4.965052770532404125e+00 1.922654137106706296e+00 5.974883118395797332e-01 -6.061683533619232483e-02 -3.016223433160624134e-01 -2.025938890454230812e-01 -1.232630858908159710e-01 -6.687065247781640021e-02 1.574506236235727677e-02
4.682168396920753395e+01 2.127195458534185946e+01 1.409032685215612979e+01 1.322356217519219079e+01 4.371589263136417571e+02 6.564905617228136592e+00 3.347272651513398145e+00 8.937495314006856928e-01 7.980879590409623026e-01 1.254383418987564947e-01 9.284121446180791659e-02 9.049825500762206931e-02 -7.745336705218759492e-03 3.676133111970858458e-02 2.306658754520070354e-02
4.515525785518915036e+00 7.605860182284328808e+00 8.763891474143434834e+00 7.060223267993572804e+00 6.564905617228136592e+00 2.049613831016011432e+02 1.900328480413511656e+00 1.147580674848815319e+00 3.429818759243026816e-01 2.156222999635927229e-01 1.155445602578731579e-01 1.024280390700251508e-01 4.032639137600046997e-03 2.986763036163202559e-02 -1.971043356322771389e-02
9.491981783698975050e+00 2.290709383751439177e+00 6.387481527108472612e+00 4.965052770532404125e+00 3.347272651513398145e+00 1.900328480413511656e+00 6.514815590047676608e+01 3.718651022605233836e-01 2.633414520770109846e-01 1.852543141630503543e-01 8.153833218538095173e-02 1.086195753619874013e-02 4.193992617970764697e-02 1.567748250596870743e-02 -1.272885992480261028e-03
2.769036146772188456e+00 3.276152180426296079e-01 2.026231628506886207e+00 1.922654137106706296e+00 8.937495314006856928e-01 1.147580674848815319e+00 3.718651022605233836e-01 2.911477150556705951e+01 2.076073858945416961e-01 5.405559463831239447e-02 -9.307424129415053232e-03 -3.668122602837862317e-03 3.342430937578170884e-03 1.417320460260463287e-02 5.222963507592865047e-03
6.785926456145964236e-01 1.585476158499392052e-01 1.486754470679631845e+00 5.974883118395797332e-01 7.980879590409623026e-01 3.429818759243026816e-01 2.633414520770109846e-01 2.076073858945416961e-01 1.181570586268146883e+01 9.132316409870516738e-02 3.158604725946665553e-02 2.077178852936415604e-02 2.947047715104978219e-03 6.043254929802604342e-03 6.878739998079512518e-05
-1.152044477586912530e+00 -3.989921971387398458e-01 3.294135066308206405e-01 -6.061683533619232483e-02 1.254383418987564947e-01 2.156222999635927229e-01 1.852543141630503543e-01 5.405559463831239447e-02 9.132316409870516738e-02 4.915223831847263192e+00 2.457917522027894264e-02 8.865722937504899592e-03 8.877981933344398363e-03 -5.371999909987066300e-03 6.481830982252782640e-04
1.121966367606419102e+00 -5.003791128867201426e-02 1.558858683907206888e-01 -3.016223433160624134e-01 9.284121446180791659e-02 1.155445602578731579e-01 8.153833218538095173e-02 -9.307424129415053232e-03 3.158604725946665553e-02 2.457917522027894264e-02 1.965529228949265184e+00 2.164172251295948604e-02 6.602652291562417092e-03 4.389622772920892362e-03 1.176383421473171497e-03
-1.780826693816405903e+00 8.741561245169209293e-01 8.941732511102169767e-02 -2.025938890454230812e-01 9.049825500762206931e-02 1.024280390700251508e-01 1.086195753619874013e-02 -3.668122602837862317e-03 2.077178852936415604e-02 8.865722937504899592e-03 2.164172251295948604e-02 8.203201028780178206e-01 1.119363447162521896e-02 5.546210084361282051e-03 9.976344741713450478e-04
8.617976046568726067e-01 -7.399787485912279195e-02 -6.117633558354329537e-02 -1.232630858908159710e-01 -7.745336705218759492e-03 4.032639137600046997e-03 4.193992617970764697e-02 3.342430937578170884e-03 2.947047715104978219e-03 8.877981933344398363e-03 6.602652291562417092e-03 1.119363447162521896e-02 3.472003872280907677e-01 1.000063338300463504e-02 2.705368502929153714e-03
5.773972781020192402e-01 -1.772527535746641625e-01 4.030195735582820654e-02 -6.687065247781640021e-02 3.676133111970858458e-02 2.986763036163202559e-02 1.567748250596870743e-02 1.417320460260463287e-02 6.043254929802604342e-03 -5.371999909987066300e-03 4.389622772920892362e-03 5.546210084361282051e-03 1.000063338300463504e-02 1.527739048664412402e-01 8.313623017249457958e-03
-1.350335843976875061e-01 -4.063098267011800574e-02 -5.288282581584659997e-02 1.574506236235727677e-02 2.306658754520070354e-02 -1.971043356322771389e-02 -1.272885992480261028e-03 5.222963507592865047e-03 6.878739998079512518e-05 6.481830982252782640e-04 1.176383421473171497e-03 9.976344741713450478e-04 2.705368502929153714e-03 8.313623017249457958e-03 7.178002129117148911e-02
